10.2175 1.60465
14.9079 1.60465
14.9079 0.0611031
25.0469 0.0611031
25.0469 0.0079165
34.9216 0.0079165
34.9216 0.0015645
44.6737 0.0015645
44.6737 0.00228777
54.7416 0.00228777
54.7416 0.00129925
65.1812 0.00129925
65.1812 0.00149982
74.5202 0.00149982
74.5202 0.00174604
85.6057 0.00174604
85.6057 0.00186807
95.3304 0.00186807
95.3304 0.00142572
105.653 0.00142572
105.653 0.00253176
115.151 0.00253176
115.151 0.00357923
125.202 0.00357923
125.202 0.00657428
135.158 0.00657428
135.158 0.00746209
145.557 0.00746209
145.557 0.00854162
176.241 0.00854162
176.241 0.00818847
184.432 0.00818847
184.432 0.00721424
195.325 0.00721424
195.325 0.00739934
230.361 0.00739934
230.361 0.00715358
251.069 0.00715358
251.069 0.00739934
271.033 0.00739934
271.033 0.0056951
332.321 0.0056951
332.321 0.00402842
352.572 0.00402842
352.572 0.00367107
450.000 0.00367107
450.000 0.00337378
490.229 0.00337378
490.229 0.00351929
525.611 0.00351929
525.611 0.00312687
575.605 0.00312687
575.605 0.00277821
626.000 0.00277821
626.000 0.00196516
677.232 0.00196516
677.232 0.00135528
730.000 0.00135528
730.000 0.00091902
777.300 0.00091902
777.300 0.000597425
822.000 0.000597425
822.000 0.000471622
875.600 0.000471622
875.600 0.000412016
933.000 0.000412016
933.000 0.000467656
982.000 0.000467656
982.000 0.000455957
1053.00 0.000455957
1053.00 0.000304008
1152.00 0.000304008
1152.00 0.000189455
1253.02 0.000189455
1253.02 0.000138615
1349.35 0.000138615
1349.35 9.39951e-05
1456.05 9.39951e-05
1456.05 6.32024e-05
1543.24 6.32024e-05
1543.24 5.38333e-05
1654.22 5.38333e-05
1654.22 2.76261e-05
1750.81 2.76261e-05
1750.81 2.14435e-05
1873.00 2.14435e-05
1873.00 1.59564e-05
1965.60 1.59564e-05
1965.60 8.39857e-06
2120.00 8.39857e-06
2120.00 5.50594e-06
2299.00 5.50594e-06
2299.00 2.21179e-06
2525.00 2.21179e-06
2525.00 1.14467e-06
2713.33 1.14467e-06
2713.33 5.49046e-07
2925.00 5.49046e-07
2925.00 4.19034e-07
